-0.001547977
0.028083625
0.006355144
-0.00119291
-0.004001649
-0.024360488
0.001868836
-0.02432262
-0.006428203
-0.015772
-0.029984325
-0.023628513
-0.033430248
0.015510242
0.077552719
0.088239379
0.09877089
0.08647706
0.06842573
0.083880492
0.059899969
0.047111708
0.006826577
-0.00092792
0.048825715
0.098541854
0.104704074
0.068622098
0.070367985
0.066068966
0.057767395
0.06700448
0.035874359
0.01749186
-0.001263611
-0.032502094
-0.006941049
0.049291608
0.034957675
0.046449669
0.035194936
0.041761552
0.03368594
0.036166513
0.01345149
-0.001571129
-0.01135307
-0.020437299
-0.009944085
0.016675721
0.026826576
0.018516168
0.007601996
0.009251479
0.013695749
-0.01153417
0.025385433
0.010271156
-0.031353699
-0.05475169
-0.02596947
0.011354731
0.018420853
0.032405026
0.008401797
0.015262022
0.017899001
0.003903031
0.003752632
-0.009708895
-0.027768349
-0.030448811
-0.014138566
0.010418439
0.004057021
0.001772189
-0.012584772
-0.001535133
-0.002488218
-0.004833652
-0.028274221
-0.03213403
-0.04154081
-0.054913636
-0.036882353
-0.00969939
-0.011487375
-0.017584918
-0.013797295
0.001481192
-0.013859128
-0.030092799
-0.030387562
-0.032069385
-0.043639766
-0.075805107
-0.072911234
-0.017889904
0.032111795
0.01943628
0.007855256
0.003801992
-0.001591263
-0.02171512
-0.027174201
-0.041337159
-0.051230736
-0.002026179
0.024534336
0.011097611
0.007493081
0.011618665
0.007842338
0.006573496
-0.019944853
-0.0296731
-0.094342761
-0.049118253
0.015191162
0.007682713
0.000745235
-0.001326023
0.00899732
0.007528813
-0.038356452
-0.055996851
-0.062164255
-0.012512003
-0.013989597
-0.00057051
-0.019597406
-0.009776731
-0.033368597
-0.043988682
-0.053260685
-0.09335396
-0.063956543
-0.065704965
-0.031365559
-0.047956875
